# step, loss_train, loss_test, metrics_test
0.000000000000000000e+00 2.168361425399780273e+00 6.839647293090820312e-01 3.665217161178588867e-01 6.973280310630798340e-01 3.112266538664698601e-03 2.146551704406738281e+01 3.461184352636337280e-02 6.253398489207029343e-03 2.191091537475585938e+00 6.502496004104614258e-01 3.511999249458312988e-01 6.973280310630798340e-01 3.112266538664698601e-03 2.146551704406738281e+01 3.461184352636337280e-02 6.253398489207029343e-03
1.000000000000000000e+03 1.934152824105694890e-04 2.003812696784734726e-03 5.234108306467533112e-03 2.066583931446075439e-01 6.726780611643334851e-06 1.580201387405395508e-01 8.898968994617462158e-02 5.895498361496720463e-06 1.098395659937523305e-04 8.589750505052506924e-04 3.985033370554447174e-03 2.066583931446075439e-01 6.726780611643334851e-06 1.580201387405395508e-01 8.898968994617462158e-02 5.895498361496720463e-06
2.000000000000000000e+03 9.487405186519026756e-04 4.380397964268922806e-03 4.201957024633884430e-03 1.537265926599502563e-01 3.762457345146685839e-05 2.184224314987659454e-02 6.952090561389923096e-02 4.311745578888803720e-05 6.248466670513153076e-04 2.440757583826780319e-03 2.242375630885362625e-03 1.537265926599502563e-01 3.762457345146685839e-05 2.184224314987659454e-02 6.952090561389923096e-02 4.311745578888803720e-05
3.000000000000000000e+03 5.204335902817547321e-04 2.969871042296290398e-03 1.545169274322688580e-03 4.785266891121864319e-02 2.131227847712580115e-05 1.590066775679588318e-02 1.764052174985408783e-02 3.001384175149723887e-05 2.997221599798649549e-04 2.675947733223438263e-03 9.864787571132183075e-04 4.785266891121864319e-02 2.131227847712580115e-05 1.590066775679588318e-02 1.764052174985408783e-02 3.001384175149723887e-05
4.000000000000000000e+03 3.900637384504079819e-04 1.103428541682660580e-03 8.049008902162313461e-04 9.181821718811988831e-03 5.389199486671714112e-06 9.628382511436939240e-03 4.051713738590478897e-03 1.003610213956562802e-05 2.324355300515890121e-04 7.595435017719864845e-04 5.522971623577177525e-04 9.181821718811988831e-03 5.389199486671714112e-06 9.628382511436939240e-03 4.051713738590478897e-03 1.003610213956562802e-05
5.000000000000000000e+03 2.657348522916436195e-04 7.721454603597521782e-04 5.313761066645383835e-04 6.133188027888536453e-03 3.939883754355832934e-06 7.553357165306806564e-03 1.512061920948326588e-03 6.169301286718109623e-06 1.365908101433888078e-04 6.573952268809080124e-04 3.760122635867446661e-04 6.133188027888536453e-03 3.939883754355832934e-06 7.553357165306806564e-03 1.512061920948326588e-03 6.169301286718109623e-06
6.000000000000000000e+03 1.706070906948298216e-04 4.923947853967547417e-04 3.523002378642559052e-04 5.446718540042638779e-03 4.105911102669779211e-06 6.378444842994213104e-03 1.168168266303837299e-03 4.820410595129942521e-06 9.268268331652507186e-05 3.343928547110408545e-04 2.932663774117827415e-04 5.446718540042638779e-03 4.105911102669779211e-06 6.378444842994213104e-03 1.168168266303837299e-03 4.820410595129942521e-06
7.000000000000000000e+03 2.166002959711477160e-04 5.952000617980957031e-03 1.344828284345567226e-03 6.116516888141632080e-03 1.546692510601133108e-05 5.464257206767797470e-03 2.337730024009943008e-03 1.565599632158409804e-05 9.742646943777799606e-05 4.405537620186805725e-03 6.996104493737220764e-04 6.116516888141632080e-03 1.546692510601133108e-05 5.464257206767797470e-03 2.337730024009943008e-03 1.565599632158409804e-05
8.000000000000000000e+03 1.307307393290102482e-04 3.499263199046254158e-03 6.062203901819884777e-04 4.151577595621347427e-03 4.518169589573517442e-06 4.524344112724065781e-03 7.483467925339937210e-04 2.910848024839651771e-06 9.227600821759551764e-05 2.257506828755140305e-03 3.718081861734390259e-04 4.151577595621347427e-03 4.518169589573517442e-06 4.524344112724065781e-03 7.483467925339937210e-04 2.910848024839651771e-06
9.000000000000000000e+03 7.186244474723935127e-04 3.035921370610594749e-03 2.183716133004054427e-04 3.459016326814889908e-03 4.627068392437649891e-06 3.676921129226684570e-03 7.198297535069286823e-04 3.693341341204359196e-06 7.732990197837352753e-04 1.480193459428846836e-03 2.685655490495264530e-04 3.459016326814889908e-03 4.627068392437649891e-06 3.676921129226684570e-03 7.198297535069286823e-04 3.693341341204359196e-06
1.000000000000000000e+04 7.326582999667152762e-05 2.691902336664497852e-04 1.995141647057607770e-04 2.960629295557737350e-03 4.183831151749473065e-06 2.680360339581966400e-03 7.695872918702661991e-04 1.856808808042842429e-06 3.902298340108245611e-05 1.502327941125258803e-04 3.588650142773985863e-04 2.960629295557737350e-03 4.183831151749473065e-06 2.680360339581966400e-03 7.695872918702661991e-04 1.856808808042842429e-06
1.100000000000000000e+04 6.948530208319425583e-04 5.986440461128950119e-03 7.692811777815222740e-04 3.923901356756687164e-03 2.002715700655244291e-05 3.920693416148424149e-03 1.059250673279166222e-03 1.490578051743796095e-05 6.631700671277940273e-04 3.910213708877563477e-03 5.960310809314250946e-04 3.923901356756687164e-03 2.002715700655244291e-05 3.920693416148424149e-03 1.059250673279166222e-03 1.490578051743796095e-05
1.200000000000000000e+04 6.599770131288096309e-05 3.851829096674919128e-04 1.995410275412723422e-04 2.187378937378525734e-03 3.572868081391789019e-06 1.598536968231201172e-03 3.724712005350738764e-04 8.726248665880120825e-07 4.484520104597322643e-05 2.573279780335724354e-04 3.501733590383082628e-04 2.187378937378525734e-03 3.572868081391789019e-06 1.598536968231201172e-03 3.724712005350738764e-04 8.726248665880120825e-07
1.300000000000000000e+04 6.877583655295893550e-05 6.304793059825897217e-04 2.166510093957185745e-04 1.824492588639259338e-03 3.566866325854789466e-06 1.047760830260813236e-03 4.876460006926208735e-04 1.014404801935597789e-06 7.105931581463664770e-05 3.796106902882456779e-04 3.890423686243593693e-04 1.824492588639259338e-03 3.566866325854789466e-06 1.047760830260813236e-03 4.876460006926208735e-04 1.014404801935597789e-06
1.400000000000000000e+04 7.138271030271425843e-05 3.963604685850441456e-04 1.751457602949813008e-04 1.457380596548318863e-03 3.130955974484095350e-06 9.940175805240869522e-04 6.253941101022064686e-04 7.289449968084227294e-07 9.951762331183999777e-05 3.085684729740023613e-04 2.800749207381159067e-04 1.457380596548318863e-03 3.130955974484095350e-06 9.940175805240869522e-04 6.253941101022064686e-04 7.289449968084227294e-07
1.500000000000000000e+04 1.171471958514302969e-04 8.449414162896573544e-04 1.550258020870387554e-04 1.353450817987322807e-03 4.105205789528554305e-06 9.594698203727602959e-04 3.693849139381200075e-04 2.463365035509923473e-06 6.511694664368405938e-05 6.405173335224390030e-04 1.750560768414288759e-04 1.353450817987322807e-03 4.105205789528554305e-06 9.594698203727602959e-04 3.693849139381200075e-04 2.463365035509923473e-06
1.500000000000000000e+04 1.173153941635973752e-04 8.448792505078017712e-04 1.596356451045721769e-04 1.353450817987322807e-03 4.105205789528554305e-06 9.594698203727602959e-04 3.693849139381200075e-04 2.463365035509923473e-06 6.511694664368405938e-05 6.405173335224390030e-04 1.750560768414288759e-04 1.353450817987322807e-03 4.105205789528554305e-06 9.594698203727602959e-04 3.693849139381200075e-04 2.463365035509923473e-06
2.259700000000000000e+04 9.116010346588154789e-07 3.628232889241189696e-06 9.141799637291114777e-07 9.341214899905025959e-05 1.908148533402709290e-06 9.780276741366833448e-05 9.682203483407647582e-08 1.120966519607691225e-08 5.190401566323998850e-07 3.421312840146129020e-06 8.910612905310699716e-07 9.341214899905025959e-05 1.908148533402709290e-06 9.780276741366833448e-05 9.682203483407647582e-08 1.120966519607691225e-08
